Name,Age,W,L,G,WAR,ERA,K/9,BB,BABIP
Jose Quintana,23,6,6,25,1.6,3.76,5.35,42,0.299
Jose Quintana,24,9,7,33,3.4,3.51,7.38,56,0.283
Jose Quintana,25,9,11,32,4.9,3.32,8.0,52,0.318
Jose Quintana,26,9,10,32,4.3,3.36,7.72,44,0.327
Jose Quintana,27,13,12,32,4.9,3.2,7.83,50,0.293
Jose Quintana,28,11,11,32,4.0,4.15,9.87,61,0.301
Jose Quintana,29,13,11,32,1.6,4.03,8.16,68,0.282
Jose Quintana,30,13,9,32,3.5,4.68,8.0,46,0.326
Jose Quintana,31,0,0,4,0.2,4.5,10.8,3,0.36
Jose Quintana,32,0,3,29,0.4,6.43,12.14,35,0.378
Jose Quintana,33,6,7,32,4.0,2.93,7.44,47,0.302
